# PROTOTYPE - NOT FOR PRODUCTION
# Frame-by-frame verification for harpoon projectile and procedural rope
frame,time,delta_ms,phase,extension,projectile_distance,rope_length,rope_visible,rope_start_error,rope_end_error
0,0.025000,25.000000,COCKED,0.000000,0.000000,0.000000,false,0.00000000,0.00000000
1,0.058333,33.333333,COCKED,0.000000,0.000000,0.000000,false,0.00000000,0.00000000
2,0.100000,41.666667,COCKED,0.000000,0.000000,0.000000,false,0.00000000,0.00000000
3,0.129167,29.166667,COCKED,0.000000,0.000000,0.000000,false,0.00000000,0.00000000
4,0.159167,30.000000,COCKED,0.000000,0.000000,0.000000,false,0.00000000,0.00000000
5,0.191667,32.500000,COCKED,0.000000,0.000000,0.000000,false,0.00000000,0.00000000
6,0.225000,33.333333,COCKED,0.000000,0.000000,0.000000,false,0.00000000,0.00000000
7,0.258333,33.333333,COCKED,0.000000,0.000000,0.000000,false,0.00000000,0.00000000
8,0.291667,33.333333,COCKED,0.000000,0.000000,0.000000,false,0.00000000,0.00000000
9,0.325000,33.333333,COCKED,0.000000,0.000000,0.000000,false,0.00000000,0.00000000
10,0.358333,33.333333,COCKED,0.000000,0.000000,0.000000,false,0.00000000,0.00000000
11,0.391667,33.333333,COCKED,0.000000,0.000000,0.000000,false,0.00000000,0.00000000
12,0.425000,33.333333,FIRING,0.176025,1.056152,1.233851,true,0.00000000,0.00000000
13,0.458333,33.333333,FIRING,0.376799,2.260796,2.321632,true,0.00000000,0.00000000
14,0.491667,33.333333,FIRING,0.541983,3.251898,3.280261,true,0.00000000,0.00000000
15,0.525000,33.333333,FIRING,0.675049,4.050292,4.065386,true,0.00000000,0.00000000
16,0.558333,33.333333,FIRING,0.779469,4.676811,4.685854,true,0.00000000,0.00000000
17,0.591667,33.333333,FIRING,0.858715,5.152288,5.158307,true,0.00000000,0.00000000
18,0.625000,33.333333,FIRING,0.916260,5.497558,5.501594,true,0.00000000,0.00000000
19,0.658333,33.333333,FIRING,0.955575,5.733452,5.736344,true,0.00000000,0.00000000
20,0.691667,33.333333,FIRING,0.980134,5.880804,5.883482,true,0.00000000,0.00000000
21,0.725000,33.333333,FIRING,0.993408,5.960448,5.963070,true,0.00000000,0.00000000
22,0.758333,33.333333,FIRING,0.998870,5.993217,5.995433,true,0.00000000,0.00000000
23,0.791667,33.333333,FIRING,0.999991,5.999945,6.001968,true,0.00000000,0.00000000
24,0.825000,33.333333,ROPE TAUT,1.000000,5.999999,6.002344,true,0.00000000,0.00000000
25,0.858333,33.333333,ROPE TAUT,1.000000,5.999999,6.002498,true,0.00000000,0.00000000
26,0.891667,33.333333,ROPE TAUT,1.000000,5.999999,6.002167,true,0.00000000,0.00000000
27,0.925000,33.333333,ROPE TAUT,1.000000,5.999999,6.002032,true,0.00000000,0.00000000
28,0.958333,33.333333,ROPE TAUT,1.000000,5.999999,6.002371,true,0.00000000,0.00000000
29,0.991667,33.333333,ROPE TAUT,1.000000,5.999999,6.002486,true,0.00000000,0.00000000
30,1.025000,33.333333,ROPE TAUT,1.000000,5.999999,6.002141,true,0.00000000,0.00000000
31,1.058333,33.333333,ROPE TAUT,1.000000,5.999999,6.002046,true,0.00000000,0.00000000
32,1.091667,33.333333,ROPE TAUT,1.000000,5.999999,6.002396,true,0.00000000,0.00000000
33,1.125000,33.333333,ROPE TAUT,1.000000,5.999999,6.002471,true,0.00000000,0.00000000
34,1.158333,33.333333,ROPE TAUT,1.000000,5.999999,6.002116,true,0.00000000,0.00000000
35,1.191667,33.333333,ROPE TAUT,1.000000,5.999999,6.002062,true,0.00000000,0.00000000
36,1.225000,33.333333,ROPE TAUT,1.000000,5.999999,6.002420,true,0.00000000,0.00000000
37,1.258333,33.333333,ROPE TAUT,1.000000,5.999999,6.002453,true,0.00000000,0.00000000
38,1.291667,33.333333,ROPE TAUT,1.000000,5.999999,6.002093,true,0.00000000,0.00000000
39,1.325000,33.333333,ROPE TAUT,1.000000,5.999999,6.002082,true,0.00000000,0.00000000
40,1.358333,33.333333,ROPE TAUT,1.000000,5.999999,6.002442,true,0.00000000,0.00000000
41,1.391667,33.333333,ROPE TAUT,1.000000,5.999999,6.002433,true,0.00000000,0.00000000
42,1.425000,33.333333,ROPE TAUT,1.000000,5.999999,6.002072,true,0.00000000,0.00000000
43,1.458333,33.333333,REELING IN,0.999856,5.999135,6.001241,true,0.00000000,0.00000000
44,1.491667,33.333333,REELING IN,0.996467,5.978800,5.981323,true,0.00000000,0.00000000
45,1.525000,33.333333,REELING IN,0.988770,5.932616,5.935225,true,0.00000000,0.00000000
46,1.558333,33.333333,REELING IN,0.977021,5.862126,5.864609,true,0.00000000,0.00000000
47,1.591667,33.333333,REELING IN,0.961479,5.768875,5.771747,true,0.00000000,0.00000048
48,1.625000,33.333333,REELING IN,0.942401,5.654405,5.658033,true,0.00000000,0.00000000
49,1.658333,33.333333,REELING IN,0.920043,5.520258,5.524344,true,0.00000000,0.00000000
50,1.691667,33.333333,REELING IN,0.894663,5.367978,5.372449,true,0.00000000,0.00000000
51,1.725000,33.333333,REELING IN,0.866518,5.199109,5.204557,true,0.00000000,0.00000048
52,1.758333,33.333333,REELING IN,0.835866,5.015194,5.022009,true,0.00000000,0.00000000
53,1.791667,33.333333,REELING IN,0.802963,4.817776,4.825808,true,0.00000000,0.00000000
54,1.825000,33.333333,REELING IN,0.768066,4.608397,4.617800,true,0.00000000,0.00000000
55,1.858333,33.333333,REELING IN,0.731434,4.388602,4.400106,true,0.00000000,0.00000000
56,1.891667,33.333333,REELING IN,0.693323,4.159934,4.174068,true,0.00000000,0.00000000
57,1.925000,33.333333,REELING IN,0.653989,3.923936,3.940860,true,0.00000000,0.00000000
58,1.958333,33.333333,REELING IN,0.613692,3.682150,3.702401,true,0.00000000,0.00000000
59,1.991667,33.333333,REELING IN,0.572687,3.436121,3.460742,true,0.00000000,0.00000000
60,2.025000,33.333333,REELING IN,0.531232,3.187391,3.217314,true,0.00000000,0.00000000
61,2.058333,33.333333,REELING IN,0.489584,2.937504,2.973538,true,0.00000000,0.00000000
62,2.091667,33.333333,REELING IN,0.448000,2.688002,2.731455,true,0.00000000,0.00000000
63,2.125000,33.333333,REELING IN,0.406738,2.440429,2.493162,true,0.00000000,0.00000000
64,2.158333,33.333333,REELING IN,0.366055,2.196329,2.260365,true,0.00000000,0.00000000
65,2.191667,33.333333,REELING IN,0.326207,1.957244,2.034925,true,0.00000000,0.00000000
66,2.225000,33.333333,REELING IN,0.287453,1.724717,1.819220,true,0.00000000,0.00000000
67,2.258333,33.333333,REELING IN,0.250049,1.500293,1.615712,true,0.00000000,0.00000000
68,2.291667,33.333333,REELING IN,0.214252,1.285514,1.426754,true,0.00000000,0.00000000
69,2.325000,33.333333,REELING IN,0.180320,1.081923,1.254938,true,0.00000000,0.00000000
70,2.358333,33.333333,REELING IN,0.148511,0.891063,1.103090,true,0.00000000,0.00000000
71,2.391667,33.333333,REELING IN,0.119080,0.714478,0.973756,true,0.00000000,0.00000000
72,2.425000,33.333333,REELING IN,0.092285,0.553711,0.868777,true,0.00000000,0.00000000
73,2.458333,33.333333,REELING IN,0.068384,0.410305,0.788946,true,0.00000000,0.00000000
74,2.491667,33.333333,REELING IN,0.047634,0.285803,0.733491,true,0.00000000,0.00000000
75,2.525000,33.333333,REELING IN,0.030292,0.181749,0.699744,true,0.00000000,0.00000000
76,2.558333,33.333333,REELING IN,0.016614,0.099686,0.683303,true,0.00000000,0.00000000
77,2.591667,33.333333,REELING IN,0.006859,0.041156,0.678597,true,0.00000000,0.00000000
78,2.625000,33.333333,REELING IN,0.001284,0.007704,0.000000,false,0.00000000,0.00000000
79,2.658333,33.333333,RESET,0.000000,0.000000,0.000000,false,0.00000000,0.00000000
80,2.691667,33.333333,RESET,0.000000,0.000000,0.000000,false,0.00000000,0.00000000
81,2.725000,33.333333,RESET,0.000000,0.000000,0.000000,false,0.00000000,0.00000000
82,2.758333,33.333333,RESET,0.000000,0.000000,0.000000,false,0.00000000,0.00000000
83,2.791667,33.333333,RESET,0.000000,0.000000,0.000000,false,0.00000000,0.00000000
84,2.825000,33.333333,RESET,0.000000,0.000000,0.000000,false,0.00000000,0.00000000
85,2.858333,33.333333,RESET,0.000000,0.000000,0.000000,false,0.00000000,0.00000000
86,2.891667,33.333333,RESET,0.000000,0.000000,0.000000,false,0.00000000,0.00000000
87,2.925000,33.333333,RESET,0.000000,0.000000,0.000000,false,0.00000000,0.00000000
88,2.958333,33.333333,RESET,0.000000,0.000000,0.000000,false,0.00000000,0.00000000
89,2.991667,33.333333,RESET,0.000000,0.000000,0.000000,false,0.00000000,0.00000000
90,3.025000,33.333333,RESET,0.000000,0.000000,0.000000,false,0.00000000,0.00000000
91,3.058333,33.333333,RESET,0.000000,0.000000,0.000000,false,0.00000000,0.00000000
92,3.091667,33.333333,RESET,0.000000,0.000000,0.000000,false,0.00000000,0.00000000
93,3.125000,33.333333,RESET,0.000000,0.000000,0.000000,false,0.00000000,0.00000000
94,3.158333,33.333333,RESET,0.000000,0.000000,0.000000,false,0.00000000,0.00000000
95,3.191667,33.333333,RESET,0.000000,0.000000,0.000000,false,0.00000000,0.00000000
96,3.225000,33.333333,RESET,0.000000,0.000000,0.000000,false,0.00000000,0.00000000
97,3.258333,33.333333,RESET,0.000000,0.000000,0.000000,false,0.00000000,0.00000000
98,3.291667,33.333333,RESET,0.000000,0.000000,0.000000,false,0.00000000,0.00000000
99,3.325000,33.333333,RESET,0.000000,0.000000,0.000000,false,0.00000000,0.00000000
100,3.358333,33.333333,RESET,0.000000,0.000000,0.000000,false,0.00000000,0.00000000
101,3.391667,33.333333,RESET,0.000000,0.000000,0.000000,false,0.00000000,0.00000000
102,3.400000,33.333333,RESET,0.000000,0.000000,0.000000,false,0.00000000,0.00000000
103,3.400000,33.333333,RESET,0.000000,0.000000,0.000000,false,0.00000000,0.00000000
104,3.400000,33.333333,RESET,0.000000,0.000000,0.000000,false,0.00000000,0.00000000
105,3.400000,33.333333,RESET,0.000000,0.000000,0.000000,false,0.00000000,0.00000000
106,3.400000,33.333333,RESET,0.000000,0.000000,0.000000,false,0.00000000,0.00000000
107,3.400000,33.333333,RESET,0.000000,0.000000,0.000000,false,0.00000000,0.00000000
108,3.400000,33.333333,RESET,0.000000,0.000000,0.000000,false,0.00000000,0.00000000
109,3.400000,33.333333,RESET,0.000000,0.000000,0.000000,false,0.00000000,0.00000000
